models                                                        LL-train    LL-valid     LL-test      PPL-train  PPL-valid     PPL-test      WER        LL-wsj       PPL-wsj       
KN2                                                           99.966      115.858      114.498      92.197     199.019       185.705       9.228      100.713      346.618       
KN3                                                           66.162      110.774      109.566      19.967     157.766       148.281       8.799      98.267       300.713       
KN4                                                           50.436      109.654      108.727      9.801      149.896       142.716       8.817      97.984       295.814       
KN5                                                           45.530      109.377      108.491      7.849      148.009       141.187       8.780      97.904       294.437       
trf_c200_g4_w_c_ws_cs_wsh_csh_tied                            38.103      108.590      108.297      5.609      142.785       139.941       7.883      96.004       263.679       
RNN:h250c200bptt4_3gram                                       0           0            0            0          0             0             9.191      0            0             
RNN:h250c1bptt4_3gram                                         93.404      108.661      107.797      68.507     143.250       136.785       9.079      97.429       286.430       
RNN:h250c1bptt5                                               96.297      107.273      106.248      78.089     134.445       127.450       7.902      95.601       257.591       
RNN:h250c200bptt5                                             99.643      109.754      108.918      90.856     150.585       143.961       8.500      98.032       296.641       
trf_c200_g4_w_c_ws_cs_skipbigram                              16.546      109.685      109.679      2.114      150.110       149.050       8.033      97.326       284.727       
trf_c200_g4_w_c_ws_cs_wsh_csh_tied:AIS10-1000                 39.325      109.819      109.558      5.928      151.032       148.229       8.350      97.382       285.643       
trf_c200_g4_w_c_ws_cs_wsh_csh_tied:AIS10-10000                42.520      112.893      112.593      6.850      173.805       170.244       8.444      100.322      338.827       
trf_c200_g4_w_c_ws_cs_cpw                                     48.408      108.063      107.435      8.941      139.388       134.544       8.201      95.146       250.869       
trf_c200_g4_w_c_ws_cs_wsh_csh_tied.run0                       43.275      109.297      109.169      7.088      147.472       145.621       8.033      95.114       250.408       
trf_c200_g4_w_c_ws_cs_wsh_csh_tied.run1                       37.798      108.251      107.983      5.532      140.590       137.951       7.827      95.686       258.864       
trf_c200_g4_w_c_ws_cs_wsh_csh_tied.run2                       37.185      107.742      107.602      5.381      137.358       135.573       7.827      95.112       250.367       
trf_c200_g4_w_c_ws_cs_wsh_csh_tied.run3                       36.300      106.770      106.721      5.169      131.392       130.232       7.865      95.027       249.143       
LSTM:h250d0epoch10                                            0           0            0            0          0             0             7.865      98.584       306.299       
trf_c200_g4_w_c_ws_cs_wsh_csh_tied.run4                       35.374      106.168      105.767      4.957      127.827       124.685       7.958      94.562       242.503       
trf_c200_g4_w_c_ws_cs_wsh_csh_tied.run5                       37.788      108.321      108.098      5.529      141.041       138.676       7.883      95.944       262.766       
trf_c200_g4_w_c_ws_cs_wsh_csh_tied.run6                       36.566      107.021      106.935      5.232      132.907       131.510       7.921      94.554       242.397       
RNN:h250c1bptt5:run0                                          0           0            0            0          0             0             7.902      95.601       257.591       
trf_c200_g4_w_c_ws_cs_wsh_csh_tied.run7                       37.868      107.929      107.794      5.549      138.537       136.766       7.977      95.020       249.047       
LSTM:h250d0epoch10.run0                                       78.177      105.931      104.942      34.393     126.450       120.077       7.865      98.584       306.299       
trf_c200_g4_w_c_ws_cs_wsh_csh_tied.run8                       39.019      109.116      108.903      5.846      146.258       143.865       7.883      96.017       263.890       
LSTM:h250d0epoch10.run1                                       78.177      105.931      104.942      34.393     126.450       120.077       7.865      98.584       306.299       
LSTM:h250d0epoch10.run2                                       78.177      105.931      104.942      34.393     126.450       120.077       7.865      98.584       306.299       
LSTM:h250d0epoch10.run3                                       78.177      105.931      104.942      34.393     126.450       120.077       7.865      98.584       306.299       
LSTM:h250d0epoch10.run4                                       78.177      105.931      104.942      34.393     126.450       120.077       7.865      98.584       306.299       
trf_c200_g4_w_c_ws_cs_wsh_csh_tied.run9                       38.779      108.865      108.765      5.783      144.590       142.962       7.809      95.569       257.112       
LSTM:h250d0epoch10.run5                                       78.177      105.931      104.942      34.393     126.450       120.077       7.865      98.584       306.299       
RNN:h250c1bptt5:run1                                          96.297      107.273      106.248      78.089     134.445       127.450       0          0            0             
LSTM:h250d0epoch10.run6                                       78.177      105.931      104.942      34.393     126.450       120.077       7.865      98.584       306.299       
LSTM:h250d0epoch10.run7                                       78.177      105.931      104.942      34.393     126.450       120.077       7.865      98.584       306.299       
trf_c200_g4_w_c_ws_cs_wsh_csh_tied.run0.ais10_20000.run0      45.152      115.101      115.091      7.716      192.254       190.797       8.463      102.107      375.832       
LSTM:h250d0epoch10.run8                                       78.177      105.931      104.942      34.393     126.450       120.077       7.865      98.584       306.299       
LSTM:h250d0epoch10.run9                                       78.177      105.931      104.942      34.393     126.450       120.077       7.865      98.584       306.299       
trf_c200_g4_w_c_ws_cs_wsh_csh_tied.run0.ais10_20000.run1      45.563      115.548      115.360      7.861      196.221       193.153       7.996      102.201      377.889       
trf_c200_g4_w_c_ws_cs_wsh_csh_tied.run0.ais10_20000.run2      48.644      118.641      118.323      9.037      226.005       221.113       8.575      106.684      490.251       
trf_c200_g4_w_c_ws_cs_wsh_csh_tied.run0.ais10_20000.run3      46.178      116.146      116.012      8.083      201.656       198.986       8.556      102.986      395.513       
trf_c200_g4_w_c_ws_cs_wsh_csh_tied.run0.ais10_20000.run4      45.936      115.900      115.944      7.995      199.402       198.369       8.332      102.663      388.164       
trf_c200_g4_w_c_ws_cs_wsh_csh_tied.run0.ais10_20000.run5      46.099      116.053      115.966      8.054      200.801       198.568       8.407      103.093      397.978       
trf_c200_g4_w_c_ws_cs_wsh_csh_tied.run0.ais10_20000.run6      47.014      116.955      116.744      8.395      209.249       205.744       8.425      103.855      415.983       
trf_c200_g4_w_c_ws_cs_wsh_csh_tied.run0.ais10_20000.run7      47.702      117.732      117.472      8.660      216.811       212.692       8.182      103.901      417.095       
trf_c200_g4_w_c_ws_cs_wsh_csh_tied.run0.ais10_20000.run8      47.378      117.307      117.292      8.534      212.641       210.953       8.332      102.293      379.913       
trf_c200_g4_w_c_ws_cs_wsh_csh_tied.run0.ais10_20000.run9      45.782      115.839      115.657      7.939      198.847       195.788       8.874      102.749      390.107       
trf_c200_g4_w_c_ws_cs_wsh_csh_tied.run0.ais10_20000.avg       46.58+0.71  116.56+0.70  116.44+0.67  8.24+0.27  205.63+6.67   203.01+6.26   8.44+0.20  103.08+0.56  397.82+12.98  
trf_c200_g4_w_c_ws_cs_wsh_csh_tied.run0.ais10_20000           46.691      116.841      116.561      8.273      208.162       204.033       8.407      103.706      412.406       
trf_c200_g4_w_c_ws_cs_wsh_csh_tied.run4.ais10_20000           42.277      112.895      112.543      6.775      173.821       169.856       8.145      100.686      346.073       
trf_c200_g4_w_c_ws_cs_wsh_csh_tied.run7.ais10_20000           44.138      114.096      113.925      7.370      183.626       180.912       7.883      100.497      342.297       
trf_c200_g4_w_c_ws_cs_wsh_csh_tied.run1.ais10_20000           46.985      117.606      116.894      8.384      215.566       207.157       8.724      105.049      445.852       
trf_c200_g4_w_c_ws_cs_wsh_csh_tied.run5.ais10_20000           44.025      114.453      114.163      7.333      186.645       182.887       8.388      101.957      372.562       
trf_c200_g4_w_c_ws_cs_wsh_csh_tied.run8.ais10_20000           44.562      114.705      114.385      7.513      188.807       184.749       8.182      101.380      360.289       
trf_c200_g4_w_c_ws_cs_wsh_csh_tied.run2.ais10_20000           45.163      115.678      115.372      7.720      197.390       193.259       8.463      103.909      417.292       
trf_c200_g4_w_c_ws_cs_wsh_csh_tied.run6.ais10_20000           43.449      113.905      113.686      7.144      182.030       178.950       8.407      101.410      360.916       
trf_c200_g4_w_c_ws_cs_wsh_csh_tied.run9.ais10_20000           45.738      115.760      115.523      7.924      198.131       194.595       8.556      102.624      387.297       
trf_c200_g4_w_c_ws_cs_wsh_csh_tied.run3.ais10_20000           43.168      113.549      113.370      7.054      179.094       176.388       8.182      101.549      363.847       
trf_c200_g4_w_c_ws_cs_wsh_csh_tied.runavg.ais10_20000         44.64+1.48  114.96+1.43  114.67+1.38  7.56+0.51  191.41+12.69  187.56+11.94  8.33+0.23  102.28+1.43  380.88+32.35  
trf_c200_g4_w_c_ws_cs_wsh_csh_tied.run0.ais10_200000          59.351      129.123      128.740      14.671     364.842       355.657       8.780      115.647      824.998       
trf_c197_g4_w_c_ws_cs_wsh_csh_tied.w2v                        29.278      109.891      109.705      3.762      151.529       149.227       8.238      97.566       288.718       
trf_c200_g4_w_c_ws_cs_wsh_csh_tied.run0.ais10_20000.ad        0           0            0            0          0             0             7.977      98.880       311.604       
trf_c200_g4_w_c_ws_cs_wsh_csh_tied.run1.ais10_20000.ad        0           0            0            0          0             0             8.724      105.049      445.852       
trf_c200_g4_w_c_ws_cs_wsh_csh_tied.run2.ais10_20000.ad        0           0            0            0          0             0             7.902      98.675       307.917       
trf_c200_g4_w_c_ws_cs_wsh_csh_tied.run3.ais10_20000.ad        0           0            0            0          0             0             7.883      98.700       308.363       
trf_c200_g4_w_c_ws_cs_wsh_csh_tied.run4.ais10_20000.ad        0           0            0            0          0             0             7.977      98.242       300.272       
trf_c200_g4_w_c_ws_cs_wsh_csh_tied.run5.ais10_20000.ad        0           0            0            0          0             0             7.977      98.752       309.295       
trf_c200_g4_w_c_ws_cs_wsh_csh_tied.run6.ais10_20000.ad        0           0            0            0          0             0             7.939      98.410       303.218       
trf_c200_g4_w_c_ws_cs_wsh_csh_tied.run7.ais10_20000.ad        0           0            0            0          0             0             7.939      98.582       306.274       
trf_c200_g4_w_c_ws_cs_wsh_csh_tied.run8.ais10_20000.ad        0           0            0            0          0             0             7.996      98.338       301.961       
trf_c200_g4_w_c_ws_cs_wsh_csh_tied.run9.ais10_20000.ad        0           0            0            0          0             0             7.958      98.704       308.447       
trf_c200_g4_w_c_ws_cs_wsh_csh_tied.runavg.ais10_20000.ad      0           0            0            0          0             0             8.03+0.23  99.23+1.95   320.32+41.98  
trf_c200_g4_w_c_ws_cs_wsh_csh_tied.runavg.ais10_20000.smooth  0           0            0            0          0             0             7.89+0.09  102.22+0.99  378.90+22.49  
trf_c200_g4_w_c_ws_cs_wsh_csh_tied.runavg                     38.00+2.05  107.95+0.99  107.77+1.01  5.61+0.56  138.80+6.20   136.78+6.24   7.90+0.07  95.26+0.50   252.65+7.29   
trf_c200_g4_w_c_ws_cs_wsh_csh_tied.run0.ais10_20000.smooth    0           0            0            0          0             0             8.014      103.304      402.884       
trf_c200_g4_w_c_ws_cs_wsh_csh_tied.run1.ais10_20000.smooth    0           0            0            0          0             0             7.753      104.513      432.174       
trf_c200_g4_w_c_ws_cs_wsh_csh_tied.run2.ais10_20000.smooth    0           0            0            0          0             0             7.809      102.724      389.551       
trf_c200_g4_w_c_ws_cs_wsh_csh_tied.run3.ais10_20000.smooth    0           0            0            0          0             0             7.846      101.984      373.160       
trf_c200_g4_w_c_ws_cs_wsh_csh_tied.run4.ais10_20000.smooth    0           0            0            0          0             0             7.977      101.560      364.075       
trf_c200_g4_w_c_ws_cs_wsh_csh_tied.run5.ais10_20000.smooth    0           0            0            0          0             0             7.827      102.033      374.214       
trf_c200_g4_w_c_ws_cs_wsh_csh_tied.run6.ais10_20000.smooth    0           0            0            0          0             0             7.996      101.386      360.415       
trf_c200_g4_w_c_ws_cs_wsh_csh_tied.run7.ais10_20000.smooth    0           0            0            0          0             0             7.958      101.021      352.853       
trf_c200_g4_w_c_ws_cs_wsh_csh_tied.run8.ais10_20000.smooth    0           0            0            0          0             0             7.921      101.552      363.909       
trf_c200_g4_w_c_ws_cs_wsh_csh_tied.run9.ais10_20000.smooth    0           0            0            0          0             0             7.790      102.104      375.755       
